"e.ret"|"dp"|"dy"|"ep"|"de"|"tms"|"dfy"|"dfr"|"svar"|"bm"|"ntis"|"tbl"|"lty"|"ltr"|"infl"|"ik"
0.0368876031146467|-3.07034313734517|-3.04787028149311|-2.66958392027441|-0.400759217070752|0.0174|0.0056|-0.0056991671|0.0125013167|0.6924379233|0.0378438683|0.0038|0.0212|0.0164884606|0.0517678518|NA
0.050442619830892|-3.04782386033248|-3.05635689537043|-2.48030289288994|-0.567520967442536|0.0175|0.006|0.0042052142|0.0058870646|0.7415349887|0.0314281093|0.0038|0.0213|0.0035017375|0.0199518279|0.0354824209
0.0423680002923111|-2.99638995197296|-2.9937566390622|-2.35730999268329|-0.63907995928967|0.0178|0.0066|0.0038182238|0.0068113148|0.7411167513|0.0268782359|0.0038|0.0216|0.0005873778|0.0045326151|0.0345625887
0.063571702412099|-2.95107910980572|-2.95767543979227|-2.27710184535349|-0.673977264452225|0.0133|0.0062|-0.0281346495|0.0041872093|0.7403233985|0.0244834168|0.008|0.0213|0.0099874455|0.0435565445|0.0335593383
0.03785441532498|-2.90220621554317|-2.88971016342943|-2.25161864940202|-0.65058756614115|0.0148|0.0066|0.0225817089|0.0024527551|0.725325679|0.0280877614|0.0095|0.0243|-0.0398317361|0.0187667939|0.0343374835
0.151464315971069|-2.87588829207759|-2.89037175789616|-2.17687599206524|-0.699012300012343|0.0141|0.007|0.0078502463|0.0048861817|0.8414221219|0.0295489903|0.01|0.0241|0.0100316713|-0.0001039872|0.0361387034
-0.0256830278054159|-2.9803199945591|-2.87588829207759|-2.19722457733622|-0.783095417222885|0.0138|0.0058|-0.0138418422|0.0029111609|0.7869735036|0.0264024789|0.01|0.0238|0.010106677|0.0283382945|0.0344882113
0.0375904345963147|-2.87945672176228|-2.95706313239484|-2.0126460471515|-0.866810674610785|0.0133|0.0061|0.0032750617|0.0063389851|0.8362310712|0.0218821264|0.0109|0.0242|-0.0006030103|0.0165346375|0.0342484579
0.0508694440751604|-2.79386612068707|-2.81276534726361|-1.89274361028608|-0.901122510400984|0.0121|0.0074|0.0102116274|0.0079437371|0.8409475465|0.0151165189|0.0116|0.0237|0.0139518298|-0.017766248|0.0348096513
0.00501581908475893|-2.73224492968927|-2.74149813516975|-1.84494173468836|-0.887303195000903|0.011|0.0077|-0.0123176472|0.0038435453|0.9017504235|0.0147604149|0.0117|0.0227|0.0206374173|-0.0097757845|0.032832754
0.15751427260657|-2.63061846096939|-2.69223959507557|-1.77495235091167|-0.85566611005772|0.01|0.0076|-0.0051921715|0.0032046125|0.9538884243|0.0164722624|0.0117|0.0217|0.0197522249|0.0013976384|0.0313031089
0.136066446736082|-2.70676732728932|-2.61120037511229|-1.87469467449918|-0.832072652790138|0.0105|0.0077|0.0024445172|0.0032619284|0.8750205468|0.0230360612|0.0107|0.0212|0.0133207497|-3.76019e-05|0.0295649909
0.0938150467187679|-2.68796683264753|-2.6149597780362|-1.97742790937572|-0.710538923271815|0.0099|0.0073|-0.0150385447|0.0019956156|0.7964292839|0.0271651799|0.011|0.0209|0.0092248107|-0.0098225527|0.0289203205
0.0856335067265361|-2.69312455088553|-2.66199134624427|-1.98723834454816|-0.705886206337375|0.0103|0.0066|0.0098282959|0.0020395147|0.8255277845|0.0292790277|0.0112|0.0215|-0.0032160202|-0.0028469647|0.0296314638
0.157746747334498|-2.69067795137774|-2.66780674290124|-1.94083542714125|-0.749842524236491|0.0101|0.0066|-0.0030971638|0.0072109977|0.8134474678|0.0303808423|0.0115|0.0216|0.0037941253|0.0113054669|0.0321290236
0.114381506238935|-2.68266812783079|-2.58782056593803|-1.96721518975655|-0.715452938074243|0.009|0.0057|0.0071264231|0.0055041765|0.7514578547|0.025912547|0.013|0.022|-0.0003420354|0.0251025769|0.0347642987
0.112491025770529|-2.63076257603111|-2.58258466927381|-1.97222092464864|-0.65854165138247|0.009|0.0053|0.006625157|0.0067066205|0.7225384419|0.0313662586|0.0134|0.0224|0.0002810931|0.0231088902|0.0343751955
0.0473944357209728|-2.64468058716962|-2.59731464196357|-2.02311421037266|-0.621566376796961|0.0101|0.0045|-0.0088317857|0.0035829887|0.7813946002|0.032688926|0.014|0.0241|-0.0173171262|0.0318352235|0.0331707155
0.163354297073394|-2.5979300381914|-2.61870510076636|-2.04198397914494|-0.55594605904646|0.0114|0.0055|0.0075986169|0.0033923914|0.8003626772|0.0363399157|0.0145|0.0259|-0.0192749595|0.003871848|0.0333577349
0.0749992074580801|-2.72802481223233|-2.62390552459466|-2.22645239394683|-0.501572418285507|0.009|0.0062|0.0106046109|0.0022447563|0.7161823278|0.0287850495|0.0163|0.0253|0.015645927|0.0077104605|0.0334560895
0.0775954179600399|-2.82483457698203|-2.80314544270044|-2.27642624206699|-0.548408334915034|0.0096|0.006|0.00380614|0.0029620943|0.7213163466|0.036118982|0.0173|0.0269|-0.018636657|0.0140331763|0.0324904154
0.0761488644146714|-2.84269599602395|-2.81776740975893|-2.31788413028322|-0.524811865740731|0.0104|0.0055|0.003565621|0.0021018372|0.7518741186|0.0320643946|0.0159|0.0263|0.0153505835|-0.0063251|0.0323718355
0.0361714170051213|-2.84571098706874|-2.82178931120463|-2.36712361413162|-0.478587372937127|0.0089|0.0056|-0.0097446151|0.0016595585|0.7387150879|0.0277088473|0.017|0.0259|0.0140476931|0.0076029831|0.0324938908
0.125974132904037|-2.82874088285028|-2.84571098706874|-2.34164282024525|-0.487098062605036|0.0106|0.0057|0.0279650239|0.001075591|0.7486789106|0.0310170498|0.0171|0.0277|-0.021869182|0.0075267278|0.0293377663
-0.000131611189054897|-2.93619305538165|-2.85671473489269|-2.40431402241782|-0.531879032963823|0.007|0.0054|0.0009443558|0.0017530172|0.6940733128|0.0265165411|0.0209|0.0279|0.0045636109|-1.5605e-06|0.0318399325
0.00535843290598947|-2.8868193562918|-2.93619305538165|-2.34251780332942|-0.54430155296238|0.0093|0.0045|0.0010158425|0.0015742751|0.7624968735|0.0239964759|0.0201|0.0294|-0.0162443481|-0.0050188287|0.0333641169
0.0212980108727244|-2.83321334405622|-2.8797521890687|-2.26358746252569|-0.569625881530523|0.009|0.0046|-0.0137224844|0.0029704546|0.795496906|0.0274429333|0.0211|0.0301|-0.0034053246|0.0075267566|0.0333111386
0.113457863490206|-2.79994011250174|-2.83321334405622|-2.21450362494457|-0.585436487557165|0.0105|0.0059|0.0014890269|0.002368131|0.8082108771|0.0258601694|0.0179|0.0284|0.0330894767|0.0062274646|0.033785033
0.132922707794569|-2.83968324127123|-2.77903342768242|-2.29096404456002|-0.54871919671121|0.0114|0.0061|0.0095818268|0.0013666189|0.7597009612|0.0248466296|0.016|0.0274|0.023114493|-0.002489145|0.0330854065
0.127747981097753|-2.90834977019157|-2.82598439691307|-2.35751881181188|-0.55083095837969|0.0175|0.0065|-0.0026336014|0.0011954802|0.8049158183|0.0221177943|0.0103|0.0278|0.0391056589|-4.6142e-06|0.0318387139
0.142835977436495|-3.00294755996717|-2.92204861454974|-2.41133679862664|-0.591610761340523|0.0208|0.0059|-0.0192692652|0.0020959837|0.732467844|0.0183801617|0.0064|0.0272|0.0179357552|0.0024735514|0.0312906097
0.146626469209934|-3.09011437904576|-2.989248715609|-2.50839293364673|-0.581721445399028|0.017|0.0058|0.0010884206|0.0024500628|0.6777451035|0.0169046354|0.0101|0.0271|0.0087420082|-0.0037213195|0.0319459151
0.0551054807533668|-3.15118081209685|-3.04359436341087|-2.56411590832314|-0.587064903773709|0.0157|0.0055|0.0037347366|0.0026482638|0.6041197854|0.0266690169|0.0115|0.0272|0.0044863304|-0.0037383921|0.03163202
0.148833808563486|-3.15481582170127|-3.13827740726094|-2.51431237462675|-0.640503447074523|0.016|0.0046|0.0164023868|0.0056039595|0.6077617769|0.0276534358|0.0128|0.0288|-0.0232879146|0|0.0319878464
0.0936210954085109|-3.26322788709388|-3.1484260236025|-2.54492214689778|-0.7183057401961|0.0152|0.0046|0.001250186|0.0020188678|0.5516416323|0.0250808253|0.0141|0.0293|-0.0002555155|0|0.0337661488
0.0697062481509919|-3.29423521825318|-3.2318773572098|-2.54118989611216|-0.753045322141014|0.0091|0.0046|0.0022313082|0.0089136029|0.5336247911|0.0253532227|0.0207|0.0298|-0.0025756498|0.0049766124|0.035180944
0.0933323023997682|-3.32257642704623|-3.28196512566136|-2.53079864304466|-0.791777784001573|0.0041|0.0047|-0.0024648976|0.0050837608|0.5098280098|0.0252400997|0.0254|0.0295|0.0135715902|-0.0012460845|0.0357804073
-0.000241676760601866|-3.33302993325137|-3.26915126037265|-2.57552488370862|-0.757505049542748|0.0078|0.005|0.0051591705|0.0032889871|0.5310771996|0.0266931026|0.0225|0.0303|-0.0069223253|-1.549e-06|0.0347397842
-0.00240200797256924|-3.26172243513678|-3.29336467685894|-2.56857525457684|-0.693147180559945|0.005|0.005|-0.0218236559|0.0036883817|0.5515645927|0.0256689052|0.0249|0.0299|0.0136753035|0.0124053972|0.0349431672
0.0573032564615332|-3.20464460494025|-3.23974352841801|-2.57314158749151|-0.631503017448739|0.004|0.0051|0.005662768|0.002518757|0.5719095213|0.0293587124|0.0284|0.0324|-0.0344052159|0.0073424999|0.0348815166
-0.0256149938594599|-3.28921644673529|-3.26052506333471|-2.6163892686663|-0.672827178068988|0.00240000000000001|0.0062|-0.0022082839|0.0043938031|0.5441768274|0.0261679632|0.0321|0.0345|-0.028771081|0.0085150191|0.0344595256
0.0989811616573374|-3.23856510560716|-3.29498015145204|-2.56291108249473|-0.675654023112428|0.0023|0.0077|-0.0003681263|0.0022870174|0.5998188749|0.0264802656|0.0308|0.0331|0.0346972524|0.0072448797|0.0343796324
-0.0785032062243071|-3.30986770842597|-3.23856510560716|-2.62834856586115|-0.681519142564826|0.0032|0.0072|-0.0037892148|0.0013566079|0.5658765324|0.0304166593|0.0329|0.0361|-0.0420088591|0.0119776425|0.0339718225
-0.0227734585044348|-3.18230614008648|-3.2926753078856|-2.50346535517777|-0.678840784908707|0.0011|0.0081|-0.0061725898|0.0042078687|0.624150778|0.0342368333|0.0353|0.0364|0.0036695338|0.0071047616|0.0343767861
0.0893565621545066|-3.10641380300606|-3.16540432928387|-2.47371667849446|-0.632697124511607|0.0019|0.0122|0.0240562014|0.0096559149|0.6536757786|0.0347161946|0.0304|0.0323|0.0802081284|0.0035273|0.0331713355
0.107388509189638|-3.1690681941026|-3.11764987627299|-2.59582494076817|-0.573243253334424|0.0191|0.0105|-0.0072812068|0.0020369227|0.6685916376|0.0289179627|0.013|0.0321|0.0117314632|0.014042075|0.0305240701
0.129133958872012|-3.26386024273823|-3.19192633217865|-2.73697922821894|-0.526881014519288|0.0241|0.0098|0.0131739878|0.0016137337|0.6246601698|0.0214316659|0.0083|0.0324|0.0024026302|0.0034688684|0.0290482391
0.122225848786793|-3.36510087749394|-3.26386024273823|-2.85543199185577|-0.509668885638167|0.0136|0.0078|0.0250096186|0.0017920368|0.5613711966|0.0139808137|0.0244|0.038|-0.0809706388|-1.3287e-06|0.0284959551
0.0286089982480589|-3.45152830836053|-3.35360649806821|-2.94988759417161|-0.501640714188918|0.0105|0.0077|0.0079931158|0.003034619|0.5117793198|0.0236821365|0.0277|0.0382|0.0073956226|-1.3287e-06|0.029454516
0.0753742078915832|-3.44432180829591|-3.44016454971022|-2.8806786286905|-0.563643179605405|0.0123|0.0072|-0.0039288581|0.0019153033|0.5168602815|0.0249872092|0.028|0.0403|0.0053125309|-1.3287e-06|0.0302429948
-0.00629378347033737|-3.48629818233492|-3.43308573502898|-2.84473837056546|-0.641559811769452|0.0098|0.0058|-0.012922553|0.0018322832|0.4832193909|0.0268762569|0.0321|0.0419|-0.0112063442|0.0069084147|0.0310054563
0.0705017747938636|-3.44761694021725|-3.47518695690984|-2.80838352431714|-0.639233415900114|0.0025|0.0066|-0.0029431776|0.0032607433|0.4923378926|0.0305223355|0.0404|0.0429|-0.0038352898|0.0045726971|0.0317954895
-0.052798973525559|-3.48819357942304|-3.43662781864166|-2.87167962488401|-0.616513954539029|-0.000200000000000006|0.007|0.0333575635|0.0014215236|0.4577837965|0.0228526058|0.0449|0.0447|-0.0130249519|0.0034149|0.0314548133
0.0557044827511499|-3.35080800128354|-3.42982157320113|-2.79266605296642|-0.558141948317122|0.008|0.0076|-0.0177376172|0.0030393494|0.549798083|0.02558925|0.0331|0.0411|0.0609260431|-1.2928e-06|0.0324548376
-0.0319852982295895|-3.373817400646|-3.34566660178312|-2.85991957784304|-0.513897822802961|0.0161|0.0081|-0.0054619346|0.0015625213|0.5291748619|0.0242657432|0.0246|0.0407|0.0152059897|0.0079357892|0.0327120151
0.109679407970701|-3.31222604324432|-3.373817400646|-2.79526543091081|-0.516960612333507|0.0139|0.0076|-0.0064141651|0.0033924865|0.5843417106|0.0283086066|0.0248|0.0387|0.0375773408|0.0011268|0.0316539984
0.136397632829825|-3.39450839351136|-3.31222604324432|-2.87754778117785|-0.516960612333507|0.0155|0.0075|-0.0141268738|0.0021546599|0.5504229651|0.0226994976|0.0225|0.038|0.0182567356|0.0056198355|0.0312776499
0.017286210818697|-3.51262194796997|-3.39964979301178|-3.04713883013555|-0.465483117834417|0.0158|0.008|0.0277536969|0.0016980492|0.5466798694|0.0226830676|0.0239|0.0397|0.0053523818|0|0.0304234034
0.0550863975446527|-3.5061454411376|-3.51262194796997|-3.06027079469156|-0.445874646446041|0.0171|0.007|-0.0139985321|0.0019595558|0.5408211006|0.0224291816|0.0233|0.0404|-0.0007042532|0.0011192|0.0308871453
0.0911037409309487|-3.52771015367309|-3.49588894097041|-3.0855130362962|-0.442197117376894|0.0175|0.0067|0.0040417179|0.0018549318|0.5275167211|0.0249122596|0.0228|0.0403|0.0125826584|0.0055797761|0.0309554649
-0.00621809087338985|-3.56729899458935|-3.4975571155024|-3.11037558920571|-0.45692340538364|0.0155|0.00679999999999999|0.02037294|0.0009663578|0.5059222584|0.0223231609|0.026|0.0415|-0.0074777725|0|0.031803759
-0.209135366919345|-3.52909611051333|-3.55744669814634|-3.02713317400518|-0.501962936508145|0.0126|0.0065|-0.005868837|0.0013573911|0.5457245916|0.0240746001|0.0272|0.0398|0.0344103852|0.0044444273|0.032326889
0.0567560299652216|-3.28007138589512|-3.51933993556796|-2.75862277473784|-0.521448611157278|0.0128|0.0074|0.0064229267|0.0180800441|0.6873574686|0.0264536857|0.0273|0.0401|0.0051401533|0.0022124|0.033047034
0.140608570209605|-3.29779363973196|-3.27040947498338|-2.76886366249998|-0.528929977231979|0.012|0.0071|0.0080497725|0.0038225177|0.6663442606|0.0305748481|0.0278|0.0398|0.0137425066|0.0077171357|0.0332064935
0.0781204834021396|-3.38859878982583|-3.27403955372385|-2.84452910748069|-0.544069682345145|0.0108|0.0068|0.0013177053|0.0052708904|0.5916270511|0.0199452149|0.0287|0.0395|0.0140544517|-0.0021941951|0.0327118262
0.0649747655028445|-3.43278618347304|-3.3792529274076|-2.88722214899327|-0.545564034479772|0.0112|0.0069|0.0092343754|0.0014518118|0.5875285706|0.0143587064|0.0289|0.0401|0.0016005499|0.0032949122|0.0324089608
0.054979140798567|-3.45099713703294|-3.40979666524834|-2.89398213079757|-0.557015006235365|0.0108|0.0061|0.0009747999|0.0008869191|0.5672815754|0.0182425991|0.0299|0.0407|0.0029993248|0.0043716|0.0331980345
0.0664417023192288|-3.47949823207591|-3.44646198186755|-2.89624672233919|-0.583251509736728|0.00720000000000001|0.0053|-0.0016133051|0.001186595|0.5472236248|0.0103132621|0.0338|0.041|0.0056085926|0.0043526|0.0339239175
0.071703197287455|-3.49357930168739|-3.44831530463923|-2.92647284202281|-0.56710645966458|0.0065|0.005|0.001100317|0.0038872822|0.5255914542|0.0089546781|0.0352|0.0417|0.001885248|0.0043395741|0.0347258539
0.0537927562100494|-3.52332638828089|-3.47188647707613|-2.93888340932184|-0.584442978959056|0.007|0.0045|0.006666973|0.0003697564|0.5236754417|0.0177831955|0.0354|0.0424|0.0011922957|0.0010793313|0.0352447401
0.0498128531520849|-3.53583110767039|-3.50209416817512|-2.93736405333938|-0.598467054331015|0.0071|0.0044|-0.0021211227|0.0008783858|0.5122068551|0.0205029394|0.0348|0.0419|0.0166905921|0.0032368261|0.0357772117
0.0262659849353003|-3.54095932403731|-3.51093355604867|-2.93556895471695|-0.605390369320367|0.0068|0.004|0.0032223624|0.0007953194|0.4865371214|0.0204030634|0.0353|0.0421|0.007815608|0.0032239949|0.0365983872
0.0358898277580178|-3.5234150143864|-3.51666663146827|-2.9245785132977|-0.598836501088704|0.0039|0.00369999999999999|0.0044131305|0.000751148|0.4872273003|0.0230944256|0.0384|0.0423|0.0090253319|0.0042883339|0.0369338683
-0.00286134692252386|-3.5201126736778|-3.50361238709023|-2.91290792291858|-0.607204750759221|0.0029|0.0036|-0.000616691499999999|0.0007036398|0.469489905|0.0191333633|0.0393|0.0422|0.0108347902|0.0010678|0.0389523779
0.0865084587754285|-3.4728941294999|-3.49685581151353|-2.85532963010596|-0.617564499393938|0.0043|0.0039|-0.008533181|0.0023259032|0.4808589565|0.0175502789|0.038|0.0423|0.0101318905|0.0106508036|0.0398618523
0.045198983819871|-3.52103900429751|-3.45391822804089|-2.89393523605455|-0.627103768242954|0.0041|0.0039|0.002302822|0.0009284733|0.4485374713|0.0168945537|0.0392|0.0433|-0.0025059103|0.0010509352|0.0407589729
-0.0159639960339795|-3.52581972096878|-3.49873324678321|-2.87971790409889|-0.646101816869891|0.0012|0.0034|-0.0047201299|0.000631174|0.4306378062|0.0208371829|0.0438|0.045|-0.0112893094|0.0063213781|0.0418301878
-0.0299660217684915|-3.46876637820951|-3.50400067357414|-2.81599165293996|-0.652774725269558|9.99999999999959e-05|0.004|-0.0083908793|0.001419901|0.4901759356|0.0167876407|0.0459|0.046|-0.006580144|0.0094092618|0.0429362288
-0.0777955354007178|-3.39931103354327|-3.45094059425691|-2.7421389554416|-0.657172078101667|0.0027|0.0051|0.0154360794|0.002787966|0.5209746006|0.0171222618|0.045|0.0477|-0.0137433695|0.0082934226|0.042831228
0.0708488509936322|-3.27681824502036|-3.37833124307407|-2.63151012397988|-0.645308121040482|-0.0057|0.00600000000000001|-0.0360946507|0.0057793676|0.5854924957|0.0169838677|0.0537|0.048|0.0081719905|0.0102784723|0.0425935135
0.13693734588643|-3.33183112041419|-3.28376271737317|-2.67234522242738|-0.659485897986813|-0.0041|0.0079|-0.0046478629|0.0039481342|0.5769451056|0.0172079259|0.0496|0.0455|0.0492790237|0.005088029|0.0417511158
0.0275486569506123|-3.43731869007615|-3.32143241319329|-2.80641381839343|-0.630904871682725|0.0029|0.00720000000000001|0.023355986|0.0016470177|0.5495507979|0.0149216835|0.0426|0.0455|0.0126202613|0.003040052|0.040189317
0.0835783125374124|-3.44218487972732|-3.43731869007615|-2.833544378542|-0.608640501185325|0.0153|0.0071|0.0091615193|0.0027981885|0.553204845|0.0101533857|0.0354|0.0507|-0.0630604509|0.0080778221|0.0394497943
0.014986252070179|-3.50013319344868|-3.43531200043956|-2.9040099891708|-0.596123204277886|0.0075|0.0075|0.0148855202|0.0008736064|0.5135648458|0.0056002036|0.0442|0.0517|-0.0020564572|0.0100109736|0.0386938194
-0.0478631671481596|-3.49764846290227|-3.50013319344868|-2.89588084100471|-0.601767621897563|0.0059|0.0074|-0.0017830159|0.0016705799|0.5257924451|0.0143610729|0.0497|0.0556|-0.0407452672|0.0089241157|0.0389532037
0.11481041819463|-3.42022425671685|-3.48742690883073|-2.80825036620073|-0.611973890516123|0.0043|0.0074|0.011878224|0.002699282|0.5668098065|0.0126771562|0.0517|0.056|0.0075686547|0.0117869738|0.0396365182
0.0467520058709245|-3.50568795381144|-3.40675603966598|-2.88356628727484|-0.622121666536598|-0.0018|0.0079|-0.0304077076|0.0024935527|0.5307418133|0.0120900958|0.0552|0.0534|0.050720855|0.0116476875|0.0383836002
0.0258643679850564|-3.5229573417896|-3.49239872169276|-2.89809606909578|-0.624861272693814|0.0012|0.0082|0.0317091286|0.001341253|0.5091954391|0.0182870281|0.0519|0.0531|0.0180996984|0.010557093|0.038376783
-0.00774256142471047|-3.52136627681707|-3.50984239971177|-2.89210636370837|-0.629259913108694|0.000199999999999999|0.0078|0.0139547341|0.0008653616|0.5049006623|0.0319614908|0.0596|0.0598|-0.0746021794|0.0123416008|0.0389845832
-0.0225939829863194|-3.48875520430524|-3.51164172692507|-2.85885705405299|-0.629898150252246|0.0018|0.00659999999999999|-0.0067729455|0.0017439779|0.557040236|0.0395080918|0.0602|0.062|-0.0155030065|0.0149910972|0.0395838924
-0.032416908276436|-3.44097090340419|-3.47912431124428|-2.81727311111612|-0.623697792288074|-0.0021|0.0072|0.0007465836|0.001729565|0.5967773337|0.0451528579|0.0644|0.0623|0.0128281048|0.0156951208|0.0394421359
0.00293966630462507|-3.38648653114559|-3.43460145511871|-2.76063298631963|-0.625853544825953|-0.00320000000000001|0.0091|0.0263403399|0.004115476|0.6408884625|0.0483913402|0.0709|0.0677|-0.0522047155|0.0136424726|0.0399371658
-0.008433032548713|-3.37186851079028|-3.38331695638431|-2.76803685570481|-0.603831655085465|-0.00950000000000001|0.00929999999999999|-0.0523653158|0.0024264301|0.6510820131|0.0342737833|0.0782|0.0687|0.0044361213|0.0152471534|0.0391236775
-0.182835489266664|-3.34195849748008|-3.36870895049991|-2.76758064321767|-0.57437785426241|-0.000199999999999992|0.0079|0.000726277500000004|0.0030893669|0.6903267691|0.0358415812|0.0663|0.0661|0.0492926882|0.0141375098|0.0383455932
0.168694697467226|-3.12973525307714|-3.33880888857718|-2.57823858958022|-0.551496663496918|0.00410000000000001|0.0077|0.000958294700000001|0.0124184702|0.7933814171|0.0422991826|0.0668|0.0709|-0.041754884|0.0156786593|0.0376386241
0.111509713501524|-3.27329276224515|-3.12659553307247|-2.75434970395919|-0.518943058285958|0.00680000000000001|0.013|0.0275535603|0.005071609|0.7129147605|0.0379495959|0.0612|0.068|0.0534220081|0.0102975532|0.0373559543
0.106966184251225|-3.37919488419567|-3.28909087912174|-2.88831202493315|-0.490882859262516|0.0161|0.0148|0.0288616918|0.0024640314|0.6464263577|0.0314681737|0.0487|0.0648|0.0583721724|0.0135852098|0.0355163282
0.0127149166759083|-3.47364266470425|-3.38879495792469|-2.95576798900085|-0.517874675703405|0.0255|0.0125|-0.0470050923|0.0014851902|0.6338113825|0.0264046828|0.0338|0.0593|0.0878360166|0.0058700255|0.0354783521
0.00554643361304026|-3.47076356547669|-3.47686327940429|-2.93069237361424|-0.540071191862453|0.0166|0.0111|0.0152830156|0.0017713986|0.6432210427|0.0272784983|0.0475|0.0641|-0.04432378|0.0141553236|0.0356163461
0.0570770548558089|-3.46025977107414|-3.47399458605814|-2.89649172803795|-0.56376804303619|0.0129|0.0115|-0.0296428898|0.0034938843|0.6460848296|0.0279344169|0.0469|0.0598|0.0716662225|0.0057549046|0.0353878653
0.0677953359914225|-3.50417721558182|-3.46675330038469|-2.88538860234042|-0.618788613241399|0.0196|0.0113|0.0378031691|0.0037112486|0.6439002471|0.0340233587|0.0401|0.0597|0.0163739646|0.0073539816|0.0357877655
0.0179638543082382|-3.5530186870376|-3.50417721558182|-2.91511567777288|-0.637903009264714|0.024|0.01|0.0155578507|0.0013236832|0.6459019879|0.0317231825|0.0373|0.0613|-0.0057754854|0.0072976043|0.0365811535
0.047228504234037|-3.55245882885371|-3.5530186870376|-2.8873894630483|-0.665069365805405|0.0216|0.0097|-0.010157354|0.0015177956|0.6540154785|0.0341993895|0.0391|0.0607|0.0230793761|0.008053509|0.0367717017
0.0793788217620554|-3.58053831031797|-3.54920679346733|-2.8906431651444|-0.689895145173568|0.014|0.0087|-0.0027054831|0.001656189|0.6373850011|0.0328697745|0.0466|0.0606|0.0160587701|0.009582751|0.0369044049
-0.0439856899594436|-3.62370581069398|-3.55806545446591|-2.91169014582965|-0.712015664864328|0.0092|0.00849999999999999|0.0122740598|0.0018639055|0.5956745946|0.0342034837|0.0507|0.0599|0.0225633296|0.008703522|0.0383648401
-0.0547145231349246|-3.56047235912302|-3.61737667564233|-2.79728133483015|-0.763191024292872|0.00769999999999999|0.00739999999999999|0.0241706226|0.0033377425|0.6760181281|0.0367061493|0.0609|0.0686|-0.0227970485|0.0195649068|0.0396425171
0.0484157676128245|-3.47750641978364|-3.5448225874559|-2.66864874316929|-0.808857676614356|-0.000900000000000012|0.0076|0.0045998318|0.0067596009|0.7209743078|0.0390133985|0.0719|0.071|-0.0080358086|0.0199640048|0.0406590475
-0.0901312748915694|-3.50131481857493|-3.4620977944308|-2.64618401996654|-0.85513079860839|-0.0126|0.01|-0.0043016579|0.0038984216|0.6788089959|0.0343612257|0.0829|0.0703|0.0257195716|0.0232443706|0.0407021177
-0.021038121965059|-3.36248935757419|-3.46822909398916|-2.4811208980931|-0.881368459481088|-0.0019|0.00800000000000001|-0.0023452381|0.0110728257|0.7555884634|0.0130073951|0.0745|0.0726|-0.0054164637|0.0220583225|0.0403892346
-0.0684008676093908|-3.30761052228936|-3.34489359568381|-2.41962356657806|-0.887986955711303|-0.00130000000000001|0.00609999999999999|0.0045986781|0.0069811924|0.8151840129|0.0103999361|0.0796|0.0783|-0.0395682217|0.0330260399|0.0397345136
-0.267665933610468|-3.20158432775814|-3.2903190251793|-2.28643710658606|-0.915147221172076|0.00219999999999999|0.00800000000000001|-0.0429041552|0.0061281912|0.8601587717|0.0080278099|0.079|0.0812|-0.0088710904|0.0264299066|0.039072091
0.10949912610784|-2.87351742634118|-3.17619509375332|-1.9422969175695|-0.931220508771679|0.00309999999999999|0.00940000000000001|-0.0287824124|0.0175202984|1.1354401435|0.0052158229|0.0806|0.0837|-0.0019757282|0.0324904108|0.0380829308
0.224911947280951|-2.94677542882746|-2.87073578337931|-2.04278222476371|-0.903993204063749|0.0045|0.0174|-0.00533167350000001|0.0174132307|1.1200181747|0.0088459547|0.0715|0.076|0.0983078576|0.0242909277|0.0365478746
0.157678986640424|-3.12297691593858|-2.92751761222305|-2.28900213663597|-0.833974779302603|0.0275|0.0181|0.0393494818|0.0085989257|0.9724663152|0.0205264514|0.0549|0.0824|0.0082363602|0.0154015525|0.0339079022
-0.0992447934337768|-3.24484301764387|-3.11213670138571|-2.48144589440692|-0.763397123236948|0.0279|0.0185|0.0040168709|0.0054742662|0.8498390198|0.0230124543|0.0534|0.0813|0.0318904935|0.0176877447|0.0327341584
0.0991345153277881|-3.11823610437698|-3.24484301764387|-2.38028564680119|-0.737950457575783|0.022|0.0166|-0.0077003417|0.0058921585|0.9409482541|0.0279187466|0.0642|0.0862|-0.0250895198|0.0186069433|0.0327858686
0.153428251568437|-3.19900580399678|-3.12635522881548|-2.42748955632133|-0.771516247675452|0.0261|0.0177|0.0157576928|0.0042981484|0.876338851|0.0237094285|0.0544|0.0805|0.0764894577|0.0164573202|0.032831737
0.0365736936861809|-3.32686702358455|-3.19629209812518|-2.47377875906264|-0.853088264521908|0.0292|0.016|0.0100233789|0.0044654393|0.7840312172|0.0150701473|0.05|0.0792|0.0321090463|0.0072071453|0.033175868
0.032473609188262|-3.3226606316635|-3.30807452423518|-2.42245603754097|-0.900204594122531|0.0266|0.0127|-0.0034410866|0.0029152361|0.7814276312|0.0189231854|0.0541|0.0807|0.0064797684|0.0154816235|0.0333003421
0.0470545243713293|-3.3081703078724|-3.29900644076561|-2.39970230167945|-0.908468006192946|0.0273|0.0102|0.0116985216|0.0021223987|0.7913632737|0.0237815187|0.0508|0.0781|0.0439860164|0.0146605324|0.0337443782
-0.0576176690522207|-3.27840180418223|-3.25752657505364|-2.38357433695878|-0.894827467223449|0.0286|0.0114|-0.0014964032|0.0029641601|0.779973125|0.028565706|0.0435|0.0721|0.0766772817|0.0098326973|0.0341139181
0.0507194415220531|-3.15654330150379|-3.24441795136663|-2.27869077279461|-0.877852528709176|0.0312|0.0102|0.0116633695|0.0016960639|0.8684299283|0.0303375593|0.046|0.0772|-0.0348058199|0.0222860839|0.0351191315
-0.00896172294147797|-3.13748664535894|-3.11677197807689|-2.26623166639467|-0.871254978964278|0.0252|0.0096|0.0021567095|0.0021830209|0.8711120812|0.031941284|0.0502|0.0754|0.0364116455|0.0201329359|0.0357704949
0.0179526846395878|-3.06577644408425|-3.10588130594361|-2.19867595640087|-0.867100487683383|0.0183|0.00879999999999999|0.0011397131|0.0016403271|0.9422625161|0.0323679755|0.0581|0.0764|0.0097246819|0.012076784|0.0361403621
-0.0271304531882928|-3.01376989787054|-3.02869476917972|-2.16708403260648|-0.846685865264063|0.0196|0.00799999999999999|0.0086379504|0.0027403093|0.9603330245|0.0304755411|0.0607|0.0803|-0.016885037|0.01139022|0.0369562814
0.101882365833421|-2.92237722301185|-2.9863130516375|-2.10039717060893|-0.821980052402914|0.0202|0.00750000000000001|0.0100256927|0.0022007974|1.1114925531|0.0275697476|0.0629|0.0831|-0.0096872333|0.0198155751|0.0368691023
0.0991735844801395|-2.96816639247549|-2.89971919911926|-2.14085156553157|-0.827314826943923|0.0192|0.0084|0.0016528251|0.0038536315|1.0279015813|0.0165234648|0.0673|0.0865|-0.012458058|0.0288383696|0.0395160423
-0.0357980463215945|-3.01682303265192|-2.94601040057828|-2.18183742514997|-0.834985607501947|0.00749999999999999|0.0073|0.0056607085|0.0028001904|0.9722575131|0.012726385|0.0785|0.086|0.0254257756|0.0204106288|0.0403308667
0.0819474054046728|-2.9421525512321|-3.00691214875246|-2.05345805165894|-0.888694499573161|-0.001|0.0078|-0.0061178305|0.0069465974|1.0457012956|0.014874873|0.0908|0.0898|-0.014458786|0.0180055759|0.0410142131
0.0411009643371073|-2.97228647951607|-2.91683474324781|-2.03318106987575|-0.939105409640327|-0.00459999999999999|0.00889999999999999|-0.0022897202|0.0026159555|1.0330789394|0.0117314337|0.0948|0.0902|0.0183110637|0.0304001511|0.0412648356
0.0842713959940887|-2.9586291668759|-2.94571945213135|-1.99622708304234|-0.962402083833561|-0.0029|0.0109|-0.0013102881|0.0021425206|1.0578636072|0.0121279927|0.0906|0.0877|0.0461619788|0.0356550877|0.0404768422
0.0086602282759523|-2.98771473789504|-2.92729019668318|-2.01120514602783|-0.97650959186721|-0.00989999999999999|0.011|0.0036671362|0.0024472247|1.0137949874|0.0094391713|0.1026|0.0927|-0.0240242129|0.0312311215|0.0410993128
-0.0377591123709449|-2.94991997203215|-2.96262381590152|-1.98290247790088|-0.967017494131263|-0.0192|0.0132|-0.028600503|0.0046173692|1.061950068|0.0105492993|0.1204|0.1012|-0.0502325184|0.0289548709|0.0405537854
0.145615228006868|-2.86799685962855|-2.92371759963812|-1.89865575723995|-0.969341102388597|-0.0281|0.0149|0.0130181914|0.0084258811|1.0937321031|0.0118773964|0.152|0.1239|-0.1451433348|0.0427559492|0.0403643901
0.115582531453744|-2.95659236521672|-2.84414564380637|-2.0342593188866|-0.922333046330118|0.0299|0.0213|-0.00141212020000001|0.0056263925|0.990183427|0.0153043513|0.0707|0.1006|0.2436822412|0.0323516233|0.0377367331
0.0852825363834638|-3.02862837759719|-2.93494289351987|-2.14822947413543|-0.880398903461759|0.0158|0.0168|0.0054537811|0.0057283675|0.9216876515|0.0237960484|0.1027|0.1185|-0.1126185956|0.0164951388|0.0375398079
0.0140539892833365|-3.09281184338054|-3.01391020512317|-2.21491100105803|-0.877900842322513|-0.035|0.0193|-0.0078338427|0.007561215|0.8915030239|0.026816359|0.1549|0.1199|0.0180539824|0.0265015676|0.0378521218
-0.0244671192162976|-3.07528490525594|-3.07351864044586|-2.23300415915554|-0.842280746100405|-0.0088|0.0201|0.0085122261|0.0052042954|0.9249205574|0.0279393407|0.1336|0.1248|-0.0181925404|0.0258147492|0.0379733011
-0.103147561545112|-3.02206482472818|-3.05792061734661|-2.16808244747225|-0.853982377255927|-0.0169|0.0205|-0.0088756469|0.0027492371|0.9504749816|0.0278917508|0.1473|0.1304|-0.0108504469|0.0232953784|0.038240302
0.0793024307707254|-2.88026633662582|-3.00192471717906|-2.02925059333384|-0.85101574329198|0.00120000000000001|0.0143|-0.0029296823|0.0056891726|1.0923786442|0.0214817745|0.147|0.1482|-0.0859856274|0.0293400864|0.0386579898
-0.0632962416756937|-2.91691430577635|-2.86353590836661|-2.0767523822546|-0.840161923521755|0.0249|0.0232|-0.0308436035|0.0044881183|1.0611428571|0.011909554|0.1085|0.1334|0.1474914114|0.007866372|0.0390572048
0.00836374844706666|-2.81305351011219|-2.90343095543906|-2.02283903636755|-0.790214473744649|0.0119|0.0224|0.0025328502|0.0062353539|1.1857505743|0.0055483006|0.1268|0.1387|0.0465123339|0.005671943|0.037588498
0.129775673137405|-2.77853649106621|-2.79974954448583|-2.04580155752504|-0.732734933541168|0.0165|0.0211|-0.008055477|0.0035919072|1.2015814171|0.0012150345|0.1247|0.1412|0.0176163819|0.0263595661|0.0358015957
0.183254780397214|-2.86673697976217|-2.7726799589535|-2.18386134952405|-0.682875630238116|0.0391|0.0269|0.0113027118|0.0095057897|1.0885355649|0.0005521583|0.0792|0.1183|0.2020773817|0.0092723505|0.0342253884
0.107497448343631|-3.01903932770261|-2.86382152580204|-2.40933704521816|-0.609702282484453|0.0301|0.0231|0.013020102|0.0141078723|0.9322147266|0.0029900535|0.0794|0.1095|0.0963587644|-0.0030820031|0.0332277163
0.113158168454797|-3.09720681152351|-3.01323379615729|-2.51086837279776|-0.586338438725754|0.0248|0.0188|0.0332132727|0.0067643125|0.7800677858|0.0059911346|0.0835|0.1083|0.0072219906|0.0034167792|0.0323470379
0.00682700095712047|-3.18731675252625|-3.09287467478438|-2.59171567898871|-0.595601073537543|0.024|0.0163|0.0169999163|0.00390755|0.721382042|0.0158248675|0.0879|0.1119|-0.0010703089|0.0159728512|0.0324989774
0.012950753969852|-3.16649923716335|-3.17870837798965|-2.52464535099095|-0.641853886172395|0.0257|0.0118|-0.0044694178|0.0047191632|0.714847583|0.0231462966|0.09|0.1157|0.0014445914|0.0123857043|0.0337104193
-0.0148882216266957|-3.14683580091602|-3.15372404567463|-2.46432324734569|-0.682512553570334|0.0297|0.0118|0.0093962319|0.0024797469|0.7003591178|0.02702469|0.09|0.1197|-0.0010702248|0.0056271451|0.035578648
-0.0161794911859522|-3.09873625431757|-3.13422175839993|-2.34480061152139|-0.753935642796178|0.0301|0.0142|-0.004853282|0.0041686729|0.7624754269|0.0240734493|0.0952|0.1253|-0.0095305046|0.0124916977|0.0363549171
0.0988539738242373|-3.04237042671976|-3.08079236361602|-2.24660245824311|-0.795767968476651|0.0387|0.015|0.0110347395|0.0036443324|0.7843518191|0.0012706174|0.0987|0.1374|-0.047481573|0.0110425959|0.0377390466
0.0309311318514004|-3.11381637800687|-3.03284006186907|-2.30559986766214|-0.808216510344733|0.0198|0.0169|-0.0099266744|0.0049357059|0.7360509153|-0.0094925469|0.1037|0.1235|0.1352862036|0.0122049992|0.0384994178
0.0976364114216861|-3.10053486467656|-3.09369497480745|-2.3076204710953|-0.792914393581261|0.0364|0.0127|0.0151457878|0.0035021991|0.7330983765|-0.0271967866|0.0806|0.117|0.078285894|0.0031762109|0.0389099626
0.08242267003514|-3.1606048279692|-3.08341792273586|-2.39994541896596|-0.760659409003238|0.0329|0.0113|-0.0037742275|0.0031834171|0.7236457791|-0.0248157693|0.0852|0.1181|0.0155543582|0.0104394565|0.0388130819
-0.0277051942325546|-3.21031212909133|-3.15021512412006|-2.50880208216562|-0.701510046925705|0.036|0.0146|-0.00854144429999999|0.0020352816|0.6864301439|-0.0266075139|0.0695|0.1055|0.1318150701|0.0109583482|0.0388311973
0.167852850696329|-3.14520731657565|-3.19747498233065|-2.4811789840309|-0.664028332544754|0.0372|0.0141|0.0154636673|0.0022141862|0.6899588298|-0.0312943542|0.071|0.1082|0.005318189|0.0068175382|0.0377149938
0.139613157072946|-3.2863215085159|-3.13758339146499|-2.67147804222627|-0.614843466289632|0.0246|0.0142|-0.0120739947|0.0030849308|0.5926926882|-0.0194650815|0.071|0.0956|0.1334266961|0.0089232873|0.0378820545
0.065145600148889|-3.39410663245334|-3.27124584611045|-2.80051804493511|-0.593588587518227|0.011|0.015|-0.0896283258|0.0043832056|0.5196276277|-0.0164196221|0.0656|0.0766|0.1973157088|-0.0042950329|0.0368893269
-0.0589940264784894|-3.43295122399643|-3.38418099265337|-2.83628775106147|-0.596663472934953|0.0169|0.0121|0.0070078328|0.0054254826|0.4992814574|-0.0122961279|0.0621|0.079|-0.0003572848|0.0058092697|0.0355406057
0.0657269600653492|-3.33601601860104|-3.41702927098584|-2.74580216804131|-0.59021385055973|0.0306|0.0131|0.0323024122|0.0078838615|0.5346292671|-0.0051417727|0.0521|0.0827|-0.013366974|0.0070007181|0.0346539803
0.200397590196316|-3.37579699047524|-3.32995906489285|-2.81687157191484|-0.558925418560402|0.0236|0.0148|0.000369101199999999|0.003983814|0.4984308658|-0.0113790259|0.0553|0.0789|0.0544701611|0.0027243834|0.0346716356
0.0548671161503217|-3.55466266050302|-3.36857674250175|-2.9610311330528|-0.593631527450223|0.0236|0.0125|0.0050773325|0.0058616516|0.4280402137|-0.0022199521|0.0559|0.0795|0.0135084776|0.0144428655|0.033401531
0.0676753510853895|-3.574611360565|-3.53330953603245|-3.04841156954942|-0.526199791015578|0.031|0.012|0.0075713089|0.0077534351|0.4078923974|0.0052024615|0.0567|0.0877|-0.0480649228|0.0124618405|0.0339164311
-0.243597740689126|-3.61530873324467|-3.55831297883188|-3.01022323961231|-0.605085493632358|0.0352|0.0113|0.00895563109999999|0.0051291309|0.3799667216|0.0063503319|0.064|0.0992|-0.0696514675|0.0131845611|0.0346995054
0.0665281933689923|-3.33382473087961|-3.59813601587092|-2.64751128989823|-0.68631344098138|0.0343|0.0118|0.0025637121|0.0845828152|0.5088120155|0.013274756|0.0577|0.092|0.0838233134|0.0034744843|0.0342892227
0.0720681415166454|-3.36474972877305|-3.31805863854093|-2.63377945932646|-0.730970269446589|0.0331|0.0118|0.006937219|0.0127841242|0.5075299538|0.0060800302|0.057|0.0901|0.039231428|0.0095159757|0.034231599
0.010430762195908|-3.38884257334727|-3.33394421254505|-2.53537280631377|-0.853469767033507|0.0271|0.0114|0.006802363|0.0083766583|0.4711188723|-0.0053979214|0.0646|0.0917|0.0098050458|0.0128472367|0.0347545815
0.0356036216724711|-3.35839874612562|-3.36422923879825|-2.48178549132496|-0.876613254800665|0.0193|0.0108|0.0038406877|0.0044936998|0.4775404537|-0.0046197447|0.0724|0.0917|0.0228115983|0.0152135261|0.0345978995
0.0713960262049033|-3.35139951568716|-3.3302572329915|-2.45903088140442|-0.892368634282737|0.0111|0.0108|-0.0078354888|0.0036076323|0.465283574|-0.021511533|0.0807|0.0918|0.0217128795|0.0058357624|0.0346274694
0.0871621147254804|-3.38595149092328|-3.3260303215617|-2.46926003774542|-0.916691453177854|0.0047|0.0087|-0.000777004600000001|0.0034271061|0.4686914136|-0.0232023444|0.0882|0.0929|0.0142614769|0.0149000338|0.0348783547
0.104425724294769|-3.42984459248497|-3.35439068601106|-2.53435115718379|-0.895493435301184|0.000600000000000003|0.0093|-0.0128751003|0.0034582035|0.440562937|-0.024030797|0.0815|0.0821|0.1147526575|0.0146772142|0.0350289437
0.0239923854338858|-3.48806556397838|-3.3945524224069|-2.69044861112135|-0.797616952857032|0.0072|0.00899999999999999|0.0060362806|0.0029494864|0.3992097504|-0.0301953785|0.0775|0.0847|-0.0008215812|0.0072428237|0.0356774121
-0.0256313691075373|-3.46517013192183|-3.45307120132828|-2.73777455185091|-0.727395580070928|0.0053|0.0096|-0.0099539467|0.0074042095|0.3904547436|-0.0123231067|0.0763|0.0816|0.0453680226|0.0087843353|0.0347813547
0.0647279915854219|-3.40219805867417|-3.44102948711056|-2.75284031590094|-0.649357742773231|0.00990000000000001|0.00839999999999999|0.0195979321|0.0049329271|0.4713339564|-0.0102754607|0.079|0.0889|-0.0409527073|0.0205388874|0.0349008765
-0.137147665951127|-3.4244246698397|-3.37260495052686|-2.82376147784824|-0.600663191991456|0.00910000000000001|0.0096|-0.0032645127|0.0036790699|0.4429494323|-0.0004741595|0.0773|0.0864|0.0439323191|0.0093053896|0.0339615756
0.0952586583890325|-3.25310980930678|-3.40995017277175|-2.64459460560402|-0.608515203702768|0.0178|0.0108|0.0099451652|0.0091110453|0.520289666|0.0013776573|0.0736|0.0914|-0.0203186155|0.0214697306|0.0338737504
0.144851030807654|-3.30738043437699|-3.23136982267038|-2.73917585313008|-0.568204581246906|0.017|0.0138|-0.0229553799|0.0077272896|0.4844968599|-0.0018414582|0.0674|0.0844|0.0824342524|0.0082686981|0.0329344213
0.00750260271943484|-3.43348096305046|-3.30572754143869|-2.88585131517307|-0.54762964787739|0.0253|0.0116|0.018476192|0.0069999484|0.4571255997|0.0032506507|0.0591|0.0844|0.0198999482|0.0089485345|0.0318326816
0.062215666997268|-3.41930406669842|-3.43018335082891|-2.95084483930406|-0.468459227394361|0.0303|0.00949999999999999|0.0083100631|0.0048378748|0.458243743|0.0140707993|0.0557|0.086|0.0076118|0.0073975557|0.0313135809
0.0913646482862802|-3.4526725270491|-3.40866131376598|-3.08032302772543|-0.372349499323667|0.0268|0.00900000000000001|-0.0090863684|0.0036176972|0.441531837|0.0229915359|0.0522|0.079|0.0820558841|0.0088084511|0.0308221133
-0.0126420632686804|-3.53186607411035|-3.45920849802888|-3.26259006362264|-0.26927601048771|0.0323|0.00950000000000001|-0.0133398054|0.0052241858|0.4203444173|0.0315654015|0.0407|0.073|0.0725370127|0.0050964726|0.0304811532
0.031593700990354|-3.48942329857726|-3.52207806774419|-3.21625348899309|-0.27316980958417|0.0393|0.00899999999999999|0.0214984091|0.0022554511|0.4021060342|0.0416563045|0.0404|0.0797|-0.0366070667|0.0101318679|0.0301808719
0.045368053924285|-3.50038629469557|-3.48942329857726|-3.17546004907141|-0.324926245624152|0.0399|0.0083|-0.0033951836|0.0031040039|0.3920423538|0.0429853541|0.0366|0.0765|0.0464576576|0.0064524009|0.0312175654
0.0619734843798114|-3.51811315348141|-3.49472055715989|-3.14241133448799|-0.375701818993427|0.0419|0.00699999999999999|-0.0157578789|0.002139251|0.3976569721|0.0411823019|0.0291|0.071|0.0661318432|0.007835528|0.0316559382
0.0558829537512074|-3.56089461717575|-3.51892058186601|-3.12781224669454|-0.433082370481206|0.0404|0.0083|0.0084743129|0.0019237884|0.3941096142|0.0387331238|0.0322|0.0726|0.0053172329|0.0042387883|0.0323951353
0.0172375178984699|-3.58882446175098|-3.55284952149091|-3.12525172283553|-0.463572738915445|0.0407|0.0057|-0.0127583215|0.0025004412|0.3336135264|0.0370134618|0.0295|0.0702|0.0666264215|0.0119557292|0.032352142
0.0380404467431434|-3.58309730183405|-3.58562445902031|-3.14876637428576|-0.434330927548287|0.0361|0.00739999999999999|-0.0206480047|0.0023959182|0.3259312476|0.0410478927|0.0307|0.0668|0.0573696694|0.005565215|0.0329708777
0.0352446458147305|-3.60157032731183|-3.58309730183405|-3.11287271616203|-0.488697611149801|0.0332|0.0068|-0.0204059604|0.0013612038|0.3223518215|0.0417473699|0.0295|0.0627|0.0638606045|0.0048416587|0.0330726562
-0.0259461037655096|-3.61304258213468|-3.59678944171149|-3.0591209218722|-0.553921660262477|0.0348|0.0076|0.0073934249|0.0011602191|0.3052672229|0.0457487578|0.0306|0.0654|-0.0145817373|0.004815491|0.0341824559
0.014824132735639|-3.557414038735|-3.60276174820561|-2.9769977678189|-0.580416270916104|0.0375|0.00649999999999999|0.012214595|0.002341705|0.3074838051|0.0419174554|0.035|0.0725|-0.0591484683|0.0095866901|0.0342100923
0.0567449719105707|-3.54386718745571|-3.54723782567455|-2.86958849120014|-0.674278696255562|0.036|0.0068|0.0090346729|0.0029212785|0.3084170767|0.0340123887|0.0414|0.0774|-0.03284623|0.0054279022|0.0345783937
0.00692850810445878|-3.57755031517142|-3.53688229293376|-2.82911550801521|-0.74843480715621|0.0338|0.0064|0.0070887652|0.0016895243|0.2909046586|0.0290143043|0.0462|0.08|-0.0066187168|0.0094439312|0.0348920575
0.0981475957217886|-3.55093774333774|-3.55839997888082|-2.70863826345376|-0.842299479883974|0.0239|0.0064|-0.0078086257|0.002699731|0.2915683|0.0165947569|0.056|0.0799|0.0202492444|0.0020069338|0.0360795968
0.0949645608751336|-3.63732656210124|-3.55093774333774|-2.73324972252103|-0.904076839580217|0.0182|0.0058|-0.00113562140000001|0.0012461398|0.3138765419|0.014396863|0.0573|0.0755|0.0664002399|0.0113344496|0.0371407855
0.0801334184326716|-3.70731358271088|-3.62301370006175|-2.7613986964743|-0.945914886236581|0.0123|0.00600000000000001|-0.0222369543|0.0019651736|0.2864296179|0.0082660518|0.0547|0.067|0.1124866679|0.0072561507|0.0369507359
0.061904345571187|-3.76200466916701|-3.69172885169418|-2.81012505198815|-0.951879617178862|0.0135|0.00609999999999999|0.0025378615|0.0013614246|0.2724949976|0.0063755487|0.0528|0.0663|0.0240155816|0.0045847959|0.0367626591
0.0561765202838294|-3.79918962890757|-3.74665909949235|-2.89794995926964|-0.901239669637936|0.0089|0.0067|-0.0167974644|0.0018545378|0.2550263829|0.0156410262|0.0514|0.0603|0.083728932|0.0019524922|0.0370679635
0.0466029143840835|-3.82385041290257|-3.77695852332866|-2.94248890658152|-0.881361506321051|0.0188|0.0068|0.0208257446|0.0043932744|0.2392996154|0.01700387|0.0496|0.0684|-0.0693105857|0.01429628|0.0375315334
0.0330283814480666|-3.85005813760002|-3.81186577879795|-2.95544424797182|-0.8946138896282|0.0194|0.0069|0.0033789237|0.0025019363|0.2364437252|0.027299789|0.0509|0.0703|-0.0019536613|0.0064131297|0.0381332591
0.0825793714984378|-3.84766273125039|-3.82309487263026|-2.94926648925279|-0.898396241997605|0.0195|0.0069|0.0032140643|0.004162893|0.2272973181|0.0296577296|0.0509|0.0704|0.0165233544|0.0070110503|0.038889814
0.0287998576598472|-3.90628847357989|-3.83142421475748|-2.95103519300464|-0.955253280575247|0.0182|0.0069|-0.0057778076|0.0030194243|0.2073427297|0.0241008722|0.0491|0.0673|0.0493489382|0.0050628905|0.0393877919
0.160956614210548|-3.91747953897822|-3.89560746415955|-2.93466023555848|-0.982819303419736|0.0209|0.0063|0.0103097038|0.0048363311|0.2147802023|0.0211198386|0.0514|0.0723|-0.0324173705|0.0088141403|0.0398161148
0.0716034651718178|-4.06708544437305|-3.91086138113574|-3.08321004402585|-0.983875400347196|0.0195|0.00609999999999999|-0.0049152091|0.00698692|0.184287615|0.0108474777|0.0493|0.0688|0.0556385733|0.0018732434|0.040208969
0.0271629916749874|-4.12378302713898|-4.05593413170355|-3.14884191675247|-0.974941110386504|0.0154|0.0055|-0.010674271|0.0071014066|0.177967857|0.0146506387|0.0495|0.0649|0.0614293123|0.0056088421|0.0416314665
0.128515024070482|-4.13754461780976|-4.11340006559392|-3.19588443306157|-0.941660184748195|0.0086|0.00560000000000001|-0.0225417117|0.0142752187|0.1788008842|0.0155787277|0.0516|0.0602|0.0687137261|0.0006163189|0.0412890133
0.0303063562014079|-4.25482336860493|-4.12790753712138|-3.32734228597963|-0.927481082625305|0.0099|0.00600000000000001|0.0016521336|0.0046590418|0.181140396|0.0165059994|0.0503|0.0602|0.01518764|0.0055744829|0.0419935571
-0.104447128148152|-4.2639065516278|-4.23519627449124|-3.37057326150803|-0.893333290119764|0.0078|0.00600000000000001|-0.010280111|0.0046709124|0.178060606|0.0240314567|0.0498|0.0576|0.0441226389|0.0049280048|0.0425662174
0.191698690212028|-4.14270217917324|-4.25144533118998|-3.2846704483514|-0.858031730821847|0.0056|0.0069|-0.0388010114|0.0215331107|0.2032484042|0.0240923988|0.0461|0.0517|0.083485403|0.0036787251|0.0422312268
0.0471043416432295|-4.32913199383797|-4.13961098660357|-3.48421792480604|-0.844914069031927|0.0103|0.0101|0.0239665503|0.0103952366|0.1736113154|0.020063152|0.0439|0.0542|-0.0154720633|0.0018305721|0.0428010062
0.0655147220772544|-4.35925410004586|-4.31381775886492|-3.51204308667769|-0.847211013368173|0.0148|0.00910000000000001|0.013197888|0.0100313057|0.1728971707|0.0206762987|0.0444|0.0592|-0.0412967766|0.0067030524|0.042808398
-0.0665548329657861|-4.42421668993264|-4.35925410004586|-3.51048241449979|-0.913734275432854|0.017|0.00789999999999999|-0.0115278088|0.0082215328|0.1542274468|0.018876171|0.0457|0.0627|-0.024110627|0.0072464085|0.0431645595
0.134156316014773|-4.34492087093755|-4.41273273175096|-3.37345017679519|-0.971470694142358|0.0178|0.00810000000000001|-3.15695999999997e-05|0.007046005|0.1636844982|0.0204589499|0.0468|0.0646|-0.0046680472|0.010209709|0.0435836647
0.0167629956686085|-4.47769760781902|-4.34192056865687|-3.41777092485063|-1.05992668296839|0.0162|0.0064|0.0147450186|0.0073789637|0.1471672594|0.0179621806|0.052|0.0682|-0.0226796435|0.0023805982|0.0429437151
-0.0324964033932459|-4.49327817699781|-4.47351225043882|-3.38142851238302|-1.1118496646148|0.0049|0.0069|-0.064229307|0.0148851161|0.1499735618|0.0183068897|0.0569|0.0618|0.0883296505|0.0172311348|0.043689801
-0.0160924166598299|-4.46707750829773|-4.49686455262904|-3.33278215532461|-1.13429535297313|0.0053|0.0081|-0.0068334155|0.0154869621|0.1567779616|-0.0029930333|0.0569|0.0622|0.0111248414|0.0070093457|0.0442445708
-0.0864468432393739|-4.47635575032769|-4.48887013828858|-3.28655883824472|-1.18979691208296|0.0012|0.0073|0.0110269302|0.0047047293|0.1537894629|0.0008144558|0.06|0.0612|0.0253602714|0.0075406032|0.0438669042
-0.12645931113122|-4.39627619306707|-4.4806489185286|-3.27357610886987|-1.1227000841972|-0.0019|0.0081|-0.0179874603|0.0141398687|0.1518515036|-0.0064315445|0.0577|0.0558|0.0767406057|0.0017271157|0.043168338
0.057808480793093|-4.28574776417456|-4.41488715207109|-3.24006695198859|-1.04568081218597|0.0117|0.0086|0.0339492285|0.014609127|0.1331135514|-0.0094811869|0.0442|0.0559|0.0120644393|0.0126436782|0.0420560053
-0.153913660409035|-4.35719897472411|-4.30343615965654|-3.50499647235237|-0.852202502371742|0.0241|0.00789999999999999|0.0251837051|0.011470826|0.1252094328|0.0135745546|0.0349|0.059|-0.0194513944|0.010215664|0.0404118203
0.107367447344226|-4.19167418707703|-4.35401729847979|-3.60466433094248|-0.587009856134551|0.0278|0.0086|-0.0312834939|0.0122886671|0.1486285882|0.0106545838|0.0264|0.0542|0.0675522539|0.0016853933|0.0392780624
0.00855005080133558|-4.28964101787342|-4.19167418707703|-3.83944795750559|-0.450193060367831|0.0406|0.0128|0.0359943704|0.0072370634|0.1312178459|0.0160064144|0.0169|0.0575|-0.0211326364|-0.0089736399|0.037603241
-0.135897836856008|-4.28967535970315|-4.29027654379249|-3.8384418331394|-0.451233526563745|0.0425|0.013|0.0195723381|0.0067665453|0.2368334023|0.016200607|0.0179|0.0604|-0.0192512993|0.0118845501|0.0363809191
-0.178840429714065|-4.1224274030795|-4.27015947433497|-3.61135243384407|-0.511074969235429|0.0396|0.0132|-0.017602243|0.0101293111|0.2665725018|0.0276057194|0.017|0.0566|0.0620574|0.0061521253|0.0354940642
0.0913109893952076|-3.94347064900051|-4.13743977634851|-3.30101405127394|-0.642456597726572|0.0317|0.0125|-0.0332222359|0.0321181305|0.3245551555|0.0301116371|0.0163|0.048|0.1230629369|0.006114508|0.0349181311
-0.0204923218572386|-4.00232766191461|-3.92615419898905|-3.46226395286624|-0.540063709048372|0.0365|0.0124|0.0170118917|0.0186782399|0.2953858956|0.026255442|0.0119|0.0484|0.0073677451|-0.0005524861|0.0341604946
0.152996292511354|-3.95629311208425|-3.99291757576169|-3.33128531664383|-0.625007795440426|0.0377|0.0106|0.0121720785|0.0138678061|0.2861177008|0.0243644103|0.0113|0.049|0.008154918|0.0182421228|0.033930866
0.0359510824572374|-4.09908636939022|-3.9602444662406|-3.33952723035394|-0.759559139036282|0.0353|0.0122|0.0022363853|0.0072909206|0.2544883373|0.0015894375|0.0092|0.0445|0.0535257809|-0.0027144408|0.0344432614
0.123393069051778|-4.09515817062003|-4.07337581453861|-3.25098312917146|-0.844175041448571|0.0429|0.0107|0.0119181863|0.0048812058|0.2465417826|0.0073371595|0.0094|0.0523|-0.0331744846|0.0081654872|0.0348049101
0.0262990496853744|-4.15823576431668|-4.04810937118921|-3.12734348157944|-1.03089228273724|0.0425|0.0098|0.0159365106|0.003220908|0.2187398648|0.0069156904|0.009|0.0515|-0.0174534279|-0.0048596112|0.0349601962
0.025910008869799|-4.13496457218794|-4.12219480976583|-3.07536957361718|-1.05959499857076|0.038|0.0078|-0.00775664669999999|0.0035707934|0.2817314655|0.0122676972|0.0094|0.0474|0.0568241344|0.0168204015|0.0342309134
-0.0103568004611545|-4.11630476944413|-4.10339794948379|-3.01149343097449|-1.10481133846964|0.0405|0.0077|0.000889697500000002|0.0029793061|0.279631603|0.0123337155|0.0127|0.0532|-0.0522696815|0.0122732124|0.0346719759
0.0941815306103426|-4.06325159483117|-4.08653877567258|-2.95976332152436|-1.10348827330682|0.0323|0.0081|0.00357280310000001|0.002925606|0.2894853015|0.0090650172|0.0165|0.0488|0.0657461276|0.0010542962|0.0352728979
-0.0160311985114968|-4.13262835881778|-4.04890013228524|-3.03008006780634|-1.10254829101143|0.0265|0.0068|0.0052404194|0.0028157301|0.2706192427|0.01287137|0.0219|0.0484|0.016430631|0.0021063717|0.0356556811
0.0190712025655337|-4.06680068702138|-4.09299225237009|-2.97410586880166|-1.09269481821972|0.0214|0.0066|-0.0060075368|0.0025157385|0.3198568893|0.0090183811|0.0274|0.0488|0.0094949248|0.0157645822|0.0357157814
0.0397875394811934|-4.04183320410304|-4.03277718754251|-2.93399286155573|-1.10784034254731|0.0132|0.009|-0.00778993879999999|0.0032273958|0.3269790569|0.0073373203|0.0297|0.0429|0.0859452104|0.006207967|0.0358449313
0.0236941567138065|-4.04691203251081|-4.01593614119158|-2.91554747476852|-1.13136455774229|0.0122|0.009|-0.0022380715|0.0020065133|0.3178915098|0.0055809031|0.0342|0.0464|-0.0303787244|0.0221079693|0.0361103327
0.0428367584398369|-4.02853710951862|-4.01280871616964|-2.88203515201433|-1.14650195750429|0.00720000000000001|0.00950000000000001|-0.0026694169|0.002790881|0.3134779566|0.0029912506|0.0389|0.0461|0.0142266628|-0.0100603622|0.0358567801
-0.012823329143653|-4.04003226666932|-4.00342746901426|-2.88020604675662|-1.1598262199127|0.0056|0.0088|0.0056568719|0.0021691768|0.3160094407|0.0016179146|0.0451|0.0507|-0.0428125027|0.0152439024|0.0367797446
0.0563173505731125|-3.99248568266006|-4.01169072667635|-2.83626475918069|-1.15622092347937|0.0052|0.0089|-0.0058072181|0.00405777|0.3148502899|-0.0029324932|0.0479|0.0531|-0.0147429672|0.0155155155|0.0368055048
0.0652298306649568|-4.01527722072665|-3.96488379575139|-2.8333331251564|-1.18194409557025|0.000300000000000002|0.00919999999999999|0.0118138417|0.0024342804|0.3005932835|-0.0084420108|0.0481|0.0484|0.0682517252|0|0.0368101722
0.00731050067572679|-4.04310979031125|-3.98321861235482|-2.8564885381942|-1.18662125211706|0.000599999999999996|0.009|0.0092544235|0.0014002892|0.2816823997|-0.0153844762|0.0485|0.0491|0.0042853884|-0.0054213898|0.0366169583
0.0622299303063096|-4.02069215238647|-4.01888880161105|-2.83837139543705|-1.18232075694942|-0.000100000000000003|0.00970000000000001|-0.0083135536|0.0035148508|0.2690500135|-0.0121264053|0.0494|0.0493|0.0081254047|0.0176015859|0.0368176085
0.0232806621832095|-4.05099037215298|-3.9945567429873|-2.87338838212372|-1.17760199002926|0.006|0.0091|0.0018745312|0.0027511223|0.24789561|-0.0107074869|0.0461|0.0521|-0.020663803|0.0146090616|0.0371022626
-0.0277576013805184|-4.03602313300858|-4.02057779114699|-2.96651215010271|-1.06951098290587|0.01|0.0085|-0.0245110948|0.0094287376|0.2392074367|-0.0132070066|0.0389|0.0489|0.0501237982|0.0006623407|0.0372271732
-0.0864453817094325|-3.96935048971358|-4.00834565109909|-3.09952310822427|-0.869827381489313|0.015|0.0116|-0.0403261516|0.0096650442|0.2505829731|-0.0418108722|0.03|0.045|0.0599426263|0.0074152238|0.037397832
-0.0152708767562777|-3.84453324131805|-3.94900427100379|-3.08659029381634|-0.757942947501716|0.0306|0.0138|-0.0452637452|0.0143951026|0.2540575672|-0.0531518604|0.0126|0.0432|0.0339836064|0.0166257213|0.0369497472
-0.0713558462696649|-3.79730020306836|-3.8301152271867|-3.21556101243449|-0.58173919063387|0.0274|0.0139|-0.0011253834|0.0079695303|0.2744913881|-0.0485227353|0.0186|0.046|-0.023711689|0.0247602187|0.0363029812
-0.224774810463109|-3.69939443558996|-3.79236672539008|-3.23408921831185|-0.465305217278115|0.033|0.0166|-0.1184059303|0.0316884977|0.2871235482|-0.0507534371|0.0113|0.0443|0.0330818624|-0.0001462423|0.0349283679
-0.090991766132638|-3.46006807613736|-3.71571177322316|-4.1059813406228|0.64591326448544|0.03|0.0338|0.0266981729|0.1144355244|0.3549842247|-0.0243992372|3e-04|0.0303|0.2068890791|-0.0391026725|0.0325660684
0.168697284072403|-3.37678207011809|-3.50083576323503|-4.75623823517301|1.37945616505493|0.0334|0.0292|-0.0635620684|0.042296687|0.4461408452|-0.0378874688|0.0021|0.0355|-0.0607940129|0.0118014727|0.0299801196
0.1616881696678|-3.58131538972206|-3.43962680031614|-4.80739880054069|1.22608341081862|0.0411|0.0189|0.1628762965|0.0174046799|0.4018764058|-0.0226082735|0.0018|0.0429|-0.080521631|0.0140285555|0.0288722812
0.0732036435544688|-3.78942905185178|-3.64979764925881|-4.43434213370493|0.644913081853147|0.0391|0.0118|0.0677633351|0.0078615462|0.3495214306|6.99403e-05|0.0012|0.0403|0.0430846625|0.0012795964|0.0283928409
0.0657580285468329|-3.90732595592828|-3.85389225886667|-3.08546214161937|-0.821863814308911|0.0453|0.0111|0.0335928347|0.0068328056|0.3255306601|0.0105608697|5e-04|0.0458|-0.0552509883|-9.26059e-05|0.0280398693
-0.10540871777663|-3.97741986267266|-3.92984749904984|-2.95454606533374|-1.02287379733893|0.0443|0.01|0.0068452307|0.0049983977|0.3818781703|0.0263520318|0.0015|0.0458|0.0112531278|0.0077888761|0.0282455718
0.120858018379485|-3.84505343987051|-3.97132200532479|-2.73181912016222|-1.11323431970829|0.0364|0.0135|-0.0394959696|0.0154933849|0.4241765415|0.018697373|0.0012|0.0376|0.1233925902|0.0015347079|0.028925103
0.114718819539515|-3.93274087793189|-3.8309084227324|-2.76511583765397|-1.16762504027792|0.0326|0.0113|-0.0065885213|0.0083906248|0.3843057828|0.0032271189|0.0015|0.0341|0.0563551223|0.0021746611|0.0293937919
0.0700701176028268|-4.01330658992045|-3.91614998147489|-2.78865165076582|-1.22465493915462|0.04|0.0108|0.0526299339|0.00365008|0.3581003169|0.01255593|0.0014|0.0414|-0.0820210405|0.0033876734|0.0298757045
0.0142412131431529|-4.03573402546533|-3.9829322958516|-2.79152494717888|-1.24420907828645|0.0419|0.009|-0.0024627347|0.004276058|0.3542699394|0.0124470005|0.001|0.0429|-0.0091163671|0.0195639181|0.029662717
-0.132655935924831|-3.99370957521444|-3.99763178604884|-2.7566037655679|-1.23710580964654|0.04|0.0076|-0.0145341669|0.0038654815|0.3515700392|0.0117181321|4e-04|0.0404|0.0426938981|0.0100909753|0.0302307995
0.126501194810953|-3.80513901808049|-3.95978200467782|-2.56555055279739|-1.2395884652831|0.0264|0.0118|-0.0714686605|0.0279686936|0.399922847|0.0132008715|1e-04|0.0265|0.2055688845|0.0051700765|0.0312601133
0.132333081280615|-3.86264988991864|-3.75691822821058|-2.67162718087465|-1.19102270904399|0.0247|0.0132|-0.0062094933|0.0178444887|0.3572325407|-0.0065046624|1e-04|0.0248|0.0295162797|-0.0053638563|0.0317823357
-0.0130799722711406|-3.94143307576861|-3.82813420960848|-2.76680486053107|-1.17462821523753|0.0282|0.0124|0.0415757733|0.0024271486|0.3461819674|-0.0137813226|8e-04|0.029|-0.0474290739|0.0164841008|0.0320131473
0.0760926185744752|-3.87325868528687|-3.90669101900955|-2.74039964401702|-1.13285904126985|0.0216|0.0138|-0.0280536834|0.0065608843|0.3551038851|-0.0198202818|9e-04|0.0225|0.0952034494|0.000374904|0.0321436535
0.0113961457616365|-3.88542709572756|-3.82939048770027|-2.81271914820185|-1.07270794752572|0.0215|0.0135|0.0335607469|0.0033246741|0.3403829538|-0.0182451274|0.0011|0.0226|0.0045233245|0.0084060346|0.0319402688
0.115583022720855|-3.82083846035618|-3.83094019056557|-2.80250181773802|-1.01833664261817|0.0234|0.0098|0.0191291457|0.0038638886|0.3490324432|-0.0122549132|7e-04|0.0241|-0.0141881707|-0.0078044311|0.032467687
0.0437348193963876|-3.88920962137179|-3.79365661166097|-2.88439294226298|-1.00481667910881|0.0275|0.0092|0.0012565135|0.0026340346|0.3461299966|-0.0095482097|9e-04|0.0284|-0.024050966|0.0138152708|0.0318534639
0.0659988316658753|-3.87714037114357|-3.85377898727277|-2.87136632054779|-1.00577405059579|0.0324|0.0092|-0.001280595|0.0049459307|0.338444358|0.0001412793|5e-04|0.0329|-0.0569074693|0.0031403986|0.0319990249
0.113161134207881|-3.88926936343913|-3.84347432285747|-2.88024804006033|-1.0090213233788|0.034|0.0083|-0.0068200203|0.0020747441|0.3335214846|0.0101419436|2e-04|0.0342|-0.0029289921|0.0027622653|0.0321529707
